3.310000000000000000e+02 9.576404324665865886e+00
3.320000000000000000e+02 9.557853279566787208e+00
3.330000000000000000e+02 9.555105651512992182e+00
3.340000000000000000e+02 9.594155525364495674e+00
3.350000000000000000e+02 9.639177987643126500e+00
3.360000000000000000e+02 9.661388607239752346e+00
3.370000000000000000e+02 9.670805733295235740e+00
3.380000000000000000e+02 9.679610200485113225e+00
3.390000000000000000e+02 9.673231992870219287e+00
3.400000000000000000e+02 9.630275503102266654e+00
3.410000000000000000e+02 9.560244744998843913e+00
3.420000000000000000e+02 9.508321374349204547e+00
3.430000000000000000e+02 9.514858415904631883e+00
3.440000000000000000e+02 9.576355180294102709e+00
3.450000000000000000e+02 9.644435515907593626e+00
3.460000000000000000e+02 9.658414190731830828e+00
3.470000000000000000e+02 9.582197776302807668e+00
3.480000000000000000e+02 9.417867512882930114e+00
3.490000000000000000e+02 9.217503749688054526e+00
3.500000000000000000e+02 9.073928849552451936e+00
3.510000000000000000e+02 9.063804520145261279e+00
3.520000000000000000e+02 9.207829856296777749e+00
3.530000000000000000e+02 9.457115532948652259e+00
3.540000000000000000e+02 9.698860917067619880e+00
3.550000000000000000e+02 9.823274793980846908e+00
3.560000000000000000e+02 9.812782817516572109e+00
3.570000000000000000e+02 9.749295627480716320e+00
3.580000000000000000e+02 9.719236568552737765e+00
3.590000000000000000e+02 9.745909427161480565e+00
3.600000000000000000e+02 9.789445025882329787e+00
3.610000000000000000e+02 9.740975679230061246e+00
3.620000000000000000e+02 9.524505764607239300e+00
3.630000000000000000e+02 9.227338380783455918e+00
3.640000000000000000e+02 9.011926328630176286e+00
3.650000000000000000e+02 8.973484705274081819e+00
3.660000000000000000e+02 9.102847080038811711e+00
3.670000000000000000e+02 9.308423913638613101e+00
3.680000000000000000e+02 9.493112977559221122e+00
3.690000000000000000e+02 9.608176378412949248e+00
3.700000000000000000e+02 9.661304733863595118e+00
3.710000000000000000e+02 9.713621775208999054e+00
3.720000000000000000e+02 9.840326486200261513e+00
3.730000000000000000e+02 1.006119003990111871e+01
3.740000000000000000e+02 1.033801914086793161e+01
3.750000000000000000e+02 1.061351525196163514e+01
3.760000000000000000e+02 1.079749038629933366e+01
3.770000000000000000e+02 1.077612318527962465e+01
3.780000000000000000e+02 1.057586675817630173e+01
3.790000000000000000e+02 1.053300640084657935e+01
3.800000000000000000e+02 1.109089710316421140e+01
3.810000000000000000e+02 1.225068952727091975e+01
3.820000000000000000e+02 1.320809379486873603e+01
3.830000000000000000e+02 1.296008039585479565e+01
3.840000000000000000e+02 1.152700960227893923e+01
3.850000000000000000e+02 1.003831480680684152e+01
3.860000000000000000e+02 9.486458631382166828e+00
3.870000000000000000e+02 9.863709067386684737e+00
3.880000000000000000e+02 1.044792247184724587e+01
3.890000000000000000e+02 1.063003918539203241e+01
3.900000000000000000e+02 1.042543236317985134e+01
3.910000000000000000e+02 1.018171796342486246e+01
3.920000000000000000e+02 1.022177979069809339e+01
3.930000000000000000e+02 1.060733288820797426e+01
3.940000000000000000e+02 1.052702808499756415e+01
3.950000000000000000e+02 9.406718200282170983e+00
3.960000000000000000e+02 7.997141547418113561e+00
3.970000000000000000e+02 7.284631971714722987e+00
3.980000000000000000e+02 7.469366084710313380e+00
3.990000000000000000e+02 8.067871336025008944e+00
4.000000000000000000e+02 8.297402046392367225e+00
4.010000000000000000e+02 7.901866310510722080e+00
4.020000000000000000e+02 7.285464388183221729e+00
4.030000000000000000e+02 6.918448390998118036e+00
4.040000000000000000e+02 6.934501566784686766e+00
4.050000000000000000e+02 7.187065781250179697e+00
4.060000000000000000e+02 7.550058803992055978e+00
4.070000000000000000e+02 8.175123911780561414e+00
4.080000000000000000e+02 9.294200127188908311e+00
4.090000000000000000e+02 1.076053317067445292e+01
4.100000000000000000e+02 1.200480385709665931e+01
4.110000000000000000e+02 1.254338468055442668e+01
4.120000000000000000e+02 1.295907492364413294e+01
4.130000000000000000e+02 1.430633453734416172e+01
4.140000000000000000e+02 1.577593022438534653e+01
4.150000000000000000e+02 1.589903369527636912e+01
4.160000000000000000e+02 1.446355937411872183e+01
4.170000000000000000e+02 1.160781241734122737e+01
4.180000000000000000e+02 7.734311707019561055e+00
4.190000000000000000e+02 4.537641124783974966e+00
4.200000000000000000e+02 4.274403416798449484e+00
4.210000000000000000e+02 8.971042882282997510e+00
4.220000000000000000e+02 1.390801597978451731e+01
4.230000000000000000e+02 1.546387752458416287e+01
4.240000000000000000e+02 1.431080418121998576e+01
4.250000000000000000e+02 1.233631115384324239e+01
4.260000000000000000e+02 9.782404830002750629e+00
4.270000000000000000e+02 8.353863402860309151e+00
4.280000000000000000e+02 8.624166420477411776e+00
4.290000000000000000e+02 8.561039073645872577e+00
4.300000000000000000e+02 8.315141184022362353e+00
4.310000000000000000e+02 8.555797924285355904e+00
4.320000000000000000e+02 8.918975391366796401e+00
4.330000000000000000e+02 8.978058588716416821e+00
4.340000000000000000e+02 8.770097280679985730e+00
4.350000000000000000e+02 8.562303878368227927e+00
4.360000000000000000e+02 8.625209320676937352e+00
4.370000000000000000e+02 9.245472983327211125e+00
4.380000000000000000e+02 1.033289360345234797e+01
4.390000000000000000e+02 1.137004929092802641e+01
4.400000000000000000e+02 1.199948626977190003e+01
4.410000000000000000e+02 1.228315008272550202e+01
4.420000000000000000e+02 1.264507586107115600e+01
4.430000000000000000e+02 1.338296320056810274e+01
4.440000000000000000e+02 1.420434344898152013e+01
4.450000000000000000e+02 1.440360086106162996e+01
4.460000000000000000e+02 1.337444936823405683e+01
4.470000000000000000e+02 1.130685590206743285e+01
4.480000000000000000e+02 9.320504778653466715e+00
4.490000000000000000e+02 8.726227297489531409e+00
4.500000000000000000e+02 9.730579755950236276e+00
4.510000000000000000e+02 1.083414123718032585e+01
4.520000000000000000e+02 1.102695005475913348e+01
4.530000000000000000e+02 1.081130528654141187e+01
4.540000000000000000e+02 1.079491110045518809e+01
4.550000000000000000e+02 1.092718892812561648e+01
4.560000000000000000e+02 1.067512973747748362e+01
4.570000000000000000e+02 9.508644723516200159e+00
4.580000000000000000e+02 7.808114464470448546e+00
4.590000000000000000e+02 6.705573005137008380e+00
4.600000000000000000e+02 6.604901903161442434e+00
4.610000000000000000e+02 6.759228650986178089e+00
4.620000000000000000e+02 6.718974556924400154e+00
4.630000000000000000e+02 6.580415926565933660e+00
4.640000000000000000e+02 6.485293025146112278e+00
4.650000000000000000e+02 6.630935141355292828e+00
4.660000000000000000e+02 7.265327508547572144e+00
4.670000000000000000e+02 8.214369974235667726e+00
4.680000000000000000e+02 8.903446539937467819e+00
4.690000000000000000e+02 9.107522771098492953e+00
4.700000000000000000e+02 9.446586842161897479e+00
4.710000000000000000e+02 1.077085059470415196e+01
4.720000000000000000e+02 1.286351965749387993e+01
4.730000000000000000e+02 1.420061702827709027e+01
4.740000000000000000e+02 1.350257441686738602e+01
4.750000000000000000e+02 1.165058291460907292e+01
4.760000000000000000e+02 1.093169324357698535e+01
4.770000000000000000e+02 1.061050504091438107e+01
4.780000000000000000e+02 1.049144934081480329e+01
4.790000000000000000e+02 1.495464505961799162e+01
4.800000000000000000e+02 1.942519391697733155e+01
4.810000000000000000e+02 1.770398744919127054e+01
4.820000000000000000e+02 1.101481726809533512e+01
4.830000000000000000e+02 6.571537355780316503e+00
4.840000000000000000e+02 8.062207944497405521e+00
4.850000000000000000e+02 9.756030196459853698e+00
4.860000000000000000e+02 9.940638617618986927e+00
4.870000000000000000e+02 9.255687375419491048e+00
4.880000000000000000e+02 9.019345439762179950e+00
4.890000000000000000e+02 9.475043082291694674e+00
4.900000000000000000e+02 9.916877432929773306e+00
4.910000000000000000e+02 9.781110561232511103e+00
4.920000000000000000e+02 9.283089378502914712e+00
4.930000000000000000e+02 8.954213191067669442e+00
4.940000000000000000e+02 8.712300092552046848e+00
4.950000000000000000e+02 8.413127469317997154e+00
4.960000000000000000e+02 8.297008862313576927e+00
4.970000000000000000e+02 8.515159041364533721e+00
4.980000000000000000e+02 9.113607993748630065e+00
4.990000000000000000e+02 1.006099808396025708e+01
5.000000000000000000e+02 1.098876798908961838e+01
5.010000000000000000e+02 1.139881511400498937e+01
5.020000000000000000e+02 1.137308637159435065e+01
5.030000000000000000e+02 1.166111542019220515e+01
5.040000000000000000e+02 1.272580176861316836e+01
5.050000000000000000e+02 1.414415389919062349e+01
5.060000000000000000e+02 1.493161571191215664e+01
5.070000000000000000e+02 1.429969248607580923e+01
5.080000000000000000e+02 1.247346066475266824e+01
5.090000000000000000e+02 1.054106496298247997e+01
5.100000000000000000e+02 9.663719511264918793e+00
5.110000000000000000e+02 1.024304250248549764e+01
5.120000000000000000e+02 1.131632036856182211e+01
5.130000000000000000e+02 1.184879031334005539e+01
5.140000000000000000e+02 1.167962154788570395e+01
5.150000000000000000e+02 1.117272365658345912e+01
5.160000000000000000e+02 1.065190897493090283e+01
5.170000000000000000e+02 9.969438141068666326e+00
5.180000000000000000e+02 8.684533850659965637e+00
5.190000000000000000e+02 7.095120873463956812e+00
5.200000000000000000e+02 6.604187967882078070e+00
5.210000000000000000e+02 6.854813634988074611e+00
5.220000000000000000e+02 6.473645309794831881e+00
5.230000000000000000e+02 5.831812276409539031e+00
5.240000000000000000e+02 5.562408103561775619e+00
5.250000000000000000e+02 5.541749455511192579e+00
5.260000000000000000e+02 5.828739822471932897e+00
5.270000000000000000e+02 6.634802587609018865e+00
5.280000000000000000e+02 7.833245142154776630e+00
5.290000000000000000e+02 9.084724067382946799e+00
5.300000000000000000e+02 1.019228346648775307e+01
5.310000000000000000e+02 1.126256069287287431e+01
5.320000000000000000e+02 1.238713116940957093e+01
5.330000000000000000e+02 1.337425214468095902e+01
5.340000000000000000e+02 1.418823344410608200e+01
5.350000000000000000e+02 1.497955051373366153e+01
5.360000000000000000e+02 1.523696340683942907e+01
5.370000000000000000e+02 1.417281571219993452e+01
5.380000000000000000e+02 1.194510262119217181e+01
5.390000000000000000e+02 9.422161450061357968e+00
5.400000000000000000e+02 7.073758470241808816e+00
5.410000000000000000e+02 6.359569147955451918e+00
5.420000000000000000e+02 9.346415481218345533e+00
5.430000000000000000e+02 1.254785649892897581e+01
5.440000000000000000e+02 1.292989081031338650e+01
5.450000000000000000e+02 1.182486950608085507e+01
5.460000000000000000e+02 1.167908364928029208e+01
5.470000000000000000e+02 1.061249541886923531e+01
5.480000000000000000e+02 8.775118952861177490e+00
5.490000000000000000e+02 8.920388631227877951e+00
5.500000000000000000e+02 8.961899528987867569e+00
5.510000000000000000e+02 8.035412850589404243e+00
5.520000000000000000e+02 7.805906440389895451e+00
5.530000000000000000e+02 8.289917422671519986e+00
5.540000000000000000e+02 8.760174155141017494e+00
5.550000000000000000e+02 8.960167152665231782e+00
5.560000000000000000e+02 9.004520030858431667e+00
5.570000000000000000e+02 9.314455108834515329e+00
5.580000000000000000e+02 1.015146767745568646e+01
5.590000000000000000e+02 1.118000879503205702e+01
5.600000000000000000e+02 1.197374789996540301e+01
5.610000000000000000e+02 1.251323754228105400e+01
5.620000000000000000e+02 1.296764261758455916e+01
5.630000000000000000e+02 1.357405521961177364e+01
5.640000000000000000e+02 1.438332387229170983e+01
5.650000000000000000e+02 1.472829010780151293e+01
5.660000000000000000e+02 1.368959160393439589e+01
5.670000000000000000e+02 1.129537033695896042e+01
5.680000000000000000e+02 8.905616958405389028e+00
5.690000000000000000e+02 8.501549970202972872e+00
5.700000000000000000e+02 1.014967183927116778e+01
5.710000000000000000e+02 1.182718187063164272e+01
5.720000000000000000e+02 1.241209690017222478e+01
5.730000000000000000e+02 1.207725822424264273e+01
5.740000000000000000e+02 1.143763118174099702e+01
5.750000000000000000e+02 1.052125577577190008e+01
5.760000000000000000e+02 9.062762026785549097e+00
5.770000000000000000e+02 7.516749344659332088e+00
5.780000000000000000e+02 6.605570447195277417e+00
5.790000000000000000e+02 6.324705483430133057e+00
5.800000000000000000e+02 6.347997626305952323e+00
5.810000000000000000e+02 6.506454125930178023e+00
5.820000000000000000e+02 6.592487634582159473e+00
5.830000000000000000e+02 6.638657314993560377e+00
5.840000000000000000e+02 6.926552736406411448e+00
5.850000000000000000e+02 7.545059703883630675e+00
5.860000000000000000e+02 8.360630230465016410e+00
5.870000000000000000e+02 9.239735726458249587e+00
5.880000000000000000e+02 1.018426518818234783e+01
5.890000000000000000e+02 1.118658090845595865e+01
5.900000000000000000e+02 1.212878844424873748e+01
5.910000000000000000e+02 1.295303470286424385e+01
5.920000000000000000e+02 1.355924509718101767e+01
5.930000000000000000e+02 1.372279997055604461e+01
5.940000000000000000e+02 1.330754671801486744e+01
5.950000000000000000e+02 1.248598479516077120e+01
5.960000000000000000e+02 1.117756180752200379e+01
5.970000000000000000e+02 8.647157589347491680e+00
5.980000000000000000e+02 5.242305974614017039e+00
5.990000000000000000e+02 3.121198437131442738e+00
6.000000000000000000e+02 5.006920526372435454e+00
6.010000000000000000e+02 1.003141481436614058e+01
6.020000000000000000e+02 1.391159790765635229e+01
6.030000000000000000e+02 1.390056981818456983e+01
6.040000000000000000e+02 1.182219781185510676e+01
6.050000000000000000e+02 1.079685238385228097e+01
6.060000000000000000e+02 9.538257574186735255e+00
6.070000000000000000e+02 8.277868092639392827e+00
6.080000000000000000e+02 8.866803396195173548e+00
6.090000000000000000e+02 9.091162784692039978e+00
6.100000000000000000e+02 8.453114575880190884e+00
6.110000000000000000e+02 8.318571214259046442e+00
6.120000000000000000e+02 8.582095636874147004e+00
6.130000000000000000e+02 8.809957832235753017e+00
6.140000000000000000e+02 8.917903302559826884e+00
6.150000000000000000e+02 8.818409253561934946e+00
6.160000000000000000e+02 8.644490877438300913e+00
6.170000000000000000e+02 8.807674324953735479e+00
6.180000000000000000e+02 9.704046113522352357e+00
6.190000000000000000e+02 1.109961163611152024e+01
6.200000000000000000e+02 1.224706103884839337e+01
6.210000000000000000e+02 1.267196015890443483e+01
6.220000000000000000e+02 1.240097413963237116e+01
6.230000000000000000e+02 1.180015140723721601e+01
6.240000000000000000e+02 1.161126855329384178e+01
6.250000000000000000e+02 1.235393041808581494e+01
6.260000000000000000e+02 1.327558986494002902e+01
6.270000000000000000e+02 1.319202406862029342e+01
6.280000000000000000e+02 1.181245660450862900e+01
6.290000000000000000e+02 1.001576794782273794e+01
6.300000000000000000e+02 9.299361046528463959e+00
6.310000000000000000e+02 1.010563421427106867e+01
6.320000000000000000e+02 1.146487137928218125e+01
6.330000000000000000e+02 1.256345789702712601e+01
6.340000000000000000e+02 1.293573661738729541e+01
6.350000000000000000e+02 1.199849411791007192e+01
6.360000000000000000e+02 9.875932239742274632e+00
6.370000000000000000e+02 8.505100328360331474e+00
6.380000000000000000e+02 8.178375885856594252e+00
6.390000000000000000e+02 7.275056813683029588e+00
6.400000000000000000e+02 6.604992433117434558e+00
6.410000000000000000e+02 6.503999336626915095e+00
6.420000000000000000e+02 6.192045359262928983e+00
6.430000000000000000e+02 5.917450502866199002e+00
6.440000000000000000e+02 5.834797605044895974e+00
6.450000000000000000e+02 5.972487957634104561e+00
6.460000000000000000e+02 6.837015609487671952e+00
6.470000000000000000e+02 8.730242635095470050e+00
6.480000000000000000e+02 1.094731329850005430e+01
6.490000000000000000e+02 1.240470912800854109e+01
6.500000000000000000e+02 1.299583276389819098e+01
6.510000000000000000e+02 1.382521179844595416e+01
6.520000000000000000e+02 1.530447041410347175e+01
6.530000000000000000e+02 1.628712845068062975e+01
6.540000000000000000e+02 1.568403997634579561e+01
6.550000000000000000e+02 1.325265470894919417e+01
6.560000000000000000e+02 9.574467604493410278e+00
6.570000000000000000e+02 6.211764598823148908e+00
6.580000000000000000e+02 4.941820427468035071e+00
6.590000000000000000e+02 6.496780879967586131e+00
6.600000000000000000e+02 1.020095984682153301e+01
6.610000000000000000e+02 1.305344387094784508e+01
6.620000000000000000e+02 1.302454363584014274e+01
6.630000000000000000e+02 1.113669482086663898e+01
6.640000000000000000e+02 9.660883493707721925e+00
6.650000000000000000e+02 8.952472534898630485e+00
6.660000000000000000e+02 8.670787444592916060e+00
6.670000000000000000e+02 8.830569150166642345e+00
6.680000000000000000e+02 8.842861750458004266e+00
6.690000000000000000e+02 8.595475124446245729e+00
6.700000000000000000e+02 8.452569530273635223e+00
6.710000000000000000e+02 8.453292854959032709e+00
6.720000000000000000e+02 8.452667509127238077e+00
6.730000000000000000e+02 8.316116809474552340e+00
6.740000000000000000e+02 8.233360419725705981e+00
6.750000000000000000e+02 8.733100578701805006e+00
6.760000000000000000e+02 1.006452687397966450e+01
6.770000000000000000e+02 1.165608647202777171e+01
6.780000000000000000e+02 1.255063867188863824e+01
6.790000000000000000e+02 1.244986562138070063e+01
6.800000000000000000e+02 1.191828464692739686e+01
6.810000000000000000e+02 1.158009376063371043e+01
6.820000000000000000e+02 1.181106021346290369e+01
6.830000000000000000e+02 1.250790553196360477e+01
6.840000000000000000e+02 1.293286758243646872e+01
6.850000000000000000e+02 1.269763181227714632e+01
6.860000000000000000e+02 1.185961866917922336e+01
6.870000000000000000e+02 1.076813289306766386e+01
6.880000000000000000e+02 1.063399986307853240e+01
6.890000000000000000e+02 1.178566117590895423e+01
6.900000000000000000e+02 1.271878762880737135e+01
6.910000000000000000e+02 1.263183658439158918e+01
6.920000000000000000e+02 1.192564199914444600e+01
6.930000000000000000e+02 1.114216084077638591e+01
6.940000000000000000e+02 1.031419188045962620e+01
6.950000000000000000e+02 9.358398662445722493e+00
6.960000000000000000e+02 8.236356794795865355e+00
6.970000000000000000e+02 6.695728740073407792e+00
6.980000000000000000e+02 5.944213477082802122e+00
6.990000000000000000e+02 7.021494164301844698e+00
7.000000000000000000e+02 7.561923686360294994e+00
7.010000000000000000e+02 6.688476421464483401e+00
7.020000000000000000e+02 5.880006123714747623e+00
7.030000000000000000e+02 6.328219063247237486e+00
7.040000000000000000e+02 7.438976260131973994e+00
7.050000000000000000e+02 8.472605582451237183e+00
7.060000000000000000e+02 9.190843662286949822e+00
7.070000000000000000e+02 9.884130810462513850e+00
7.080000000000000000e+02 1.105717829669178442e+01
7.090000000000000000e+02 1.275987897671094906e+01
7.100000000000000000e+02 1.455646440783011464e+01
7.110000000000000000e+02 1.605801780089545616e+01
7.120000000000000000e+02 1.665187539918438375e+01
7.130000000000000000e+02 1.559339654613775039e+01
7.140000000000000000e+02 1.352665279497465534e+01
7.150000000000000000e+02 1.149545570718073151e+01
7.160000000000000000e+02 8.483993730669531885e+00
7.170000000000000000e+02 4.467864870481895068e+00
7.180000000000000000e+02 3.259190778306649161e+00
7.190000000000000000e+02 7.571769125542602730e+00
7.200000000000000000e+02 1.259236002239989993e+01
7.210000000000000000e+02 1.486032758486917338e+01
7.220000000000000000e+02 1.377621351987191467e+01
7.230000000000000000e+02 1.122309782012996138e+01
7.240000000000000000e+02 8.433085776436449521e+00
7.250000000000000000e+02 7.294439146052551948e+00
7.260000000000000000e+02 8.307347243604885634e+00
7.270000000000000000e+02 8.852958128608314325e+00
7.280000000000000000e+02 8.738818342415878959e+00
7.290000000000000000e+02 8.508224925917152959e+00
7.300000000000000000e+02 8.240875082494401482e+00
7.310000000000000000e+02 8.160245409612318923e+00
7.320000000000000000e+02 8.294240704912517970e+00
7.330000000000000000e+02 8.586267469417791176e+00
7.340000000000000000e+02 9.121556307346418535e+00
7.350000000000000000e+02 9.856489907867663547e+00
7.360000000000000000e+02 1.059465244302619702e+01
7.370000000000000000e+02 1.118198518663987429e+01
7.380000000000000000e+02 1.146232078398566223e+01
7.390000000000000000e+02 1.135801511971675026e+01
7.400000000000000000e+02 1.123480248811167925e+01
7.410000000000000000e+02 1.155496252812097246e+01
7.420000000000000000e+02 1.232538731687415989e+01
7.430000000000000000e+02 1.307375276705329625e+01
7.440000000000000000e+02 1.293241653924652823e+01
7.450000000000000000e+02 1.171643179907316856e+01
7.460000000000000000e+02 1.061622070960789088e+01
7.470000000000000000e+02 1.093645755010957821e+01
7.480000000000000000e+02 1.231108934472252514e+01
7.490000000000000000e+02 1.324531231820532895e+01
7.500000000000000000e+02 1.280478331881173304e+01
7.510000000000000000e+02 1.123407517569016534e+01
7.520000000000000000e+02 9.611576209500844570e+00
7.530000000000000000e+02 8.944182828321617151e+00
7.540000000000000000e+02 8.665006971936888291e+00
7.550000000000000000e+02 7.545146373517267691e+00
7.560000000000000000e+02 6.171674881971672910e+00
7.570000000000000000e+02 6.092297584983955794e+00
7.580000000000000000e+02 6.481993515336359479e+00
7.590000000000000000e+02 6.198173250243223187e+00
7.600000000000000000e+02 5.664103921294126209e+00
7.610000000000000000e+02 5.631199643993209492e+00
7.620000000000000000e+02 6.451337490356968019e+00
7.630000000000000000e+02 8.290831660860035868e+00
7.640000000000000000e+02 1.059661362709053911e+01
7.650000000000000000e+02 1.238390971946766861e+01
7.660000000000000000e+02 1.312161185417695641e+01
7.670000000000000000e+02 1.311333719158169764e+01
7.680000000000000000e+02 1.343186889092622849e+01
7.690000000000000000e+02 1.456365356565816072e+01
7.700000000000000000e+02 1.511742215310774462e+01
7.710000000000000000e+02 1.383938881172629642e+01
7.720000000000000000e+02 1.134233738850715589e+01
7.730000000000000000e+02 8.830180419834283256e+00
7.740000000000000000e+02 6.758943454195912359e+00
7.750000000000000000e+02 5.911142366206986409e+00
7.760000000000000000e+02 8.364595303380779612e+00
7.770000000000000000e+02 1.186839538031892438e+01
7.780000000000000000e+02 1.293243241432681145e+01
7.790000000000000000e+02 1.121465646755075518e+01
7.800000000000000000e+02 9.065442260168993016e+00
7.810000000000000000e+02 8.342361294035752550e+00
7.820000000000000000e+02 8.407772468630225760e+00
7.830000000000000000e+02 8.738936733449380156e+00
7.840000000000000000e+02 9.006922114244069633e+00
7.850000000000000000e+02 8.776313895222429551e+00
7.860000000000000000e+02 8.289777797326276954e+00
7.870000000000000000e+02 7.890966382927035561e+00
7.880000000000000000e+02 7.779078524408530981e+00
7.890000000000000000e+02 7.938383303902504018e+00
7.900000000000000000e+02 8.181755586882257347e+00
7.910000000000000000e+02 8.537625587314190412e+00
7.920000000000000000e+02 9.117238069084942609e+00
7.930000000000000000e+02 9.853657791219520234e+00
7.940000000000000000e+02 1.051791473322600901e+01
7.950000000000000000e+02 1.107138373532037434e+01
7.960000000000000000e+02 1.176873590647441681e+01
7.970000000000000000e+02 1.277697625624137245e+01
7.980000000000000000e+02 1.395440755916428799e+01
7.990000000000000000e+02 1.460468886906252273e+01
8.000000000000000000e+02 1.385769921881699496e+01
8.010000000000000000e+02 1.180454342320463468e+01
8.020000000000000000e+02 9.680062087540079574e+00
8.030000000000000000e+02 8.646649193418255663e+00
8.040000000000000000e+02 8.719291842828829076e+00
8.050000000000000000e+02 9.328660881333242116e+00
8.060000000000000000e+02 1.009951534020656183e+01
8.070000000000000000e+02 1.066282018058478620e+01
8.080000000000000000e+02 1.048536178338277836e+01
8.090000000000000000e+02 9.553249006011522937e+00
8.100000000000000000e+02 8.465731517443083831e+00
8.110000000000000000e+02 7.282466313779633715e+00
8.120000000000000000e+02 5.785868489567752349e+00
8.130000000000000000e+02 4.784344303987486668e+00
8.140000000000000000e+02 5.014942552554231270e+00
8.150000000000000000e+02 5.530803239955987216e+00
8.160000000000000000e+02 5.760123965171166205e+00
8.170000000000000000e+02 6.071973996803504470e+00
8.180000000000000000e+02 6.730375861483381961e+00
8.190000000000000000e+02 8.230513850418617494e+00
8.200000000000000000e+02 1.063557612086357906e+01
8.210000000000000000e+02 1.230063857654431558e+01
8.220000000000000000e+02 1.218984458873772248e+01
8.230000000000000000e+02 1.126771450989907031e+01
8.240000000000000000e+02 1.065166112472637039e+01
8.250000000000000000e+02 1.036790728708433917e+01
8.260000000000000000e+02 1.067507424600740151e+01
8.270000000000000000e+02 1.228084213399717584e+01
8.280000000000000000e+02 1.530632297385513318e+01
8.290000000000000000e+02 1.767847552748157725e+01
8.300000000000000000e+02 1.635900504070500361e+01
8.310000000000000000e+02 1.116491526596224659e+01
8.320000000000000000e+02 5.723791548911914440e+00
8.330000000000000000e+02 4.920878269982695841e+00
8.340000000000000000e+02 9.109014270772197719e+00
8.350000000000000000e+02 1.201780421274026445e+01
8.360000000000000000e+02 1.122552175465642499e+01
8.370000000000000000e+02 8.992370957489725924e+00
8.380000000000000000e+02 8.094060763252201696e+00
8.390000000000000000e+02 8.148696368949666535e+00
8.400000000000000000e+02 8.584755108508060673e+00
8.410000000000000000e+02 9.083936413266593846e+00
8.420000000000000000e+02 9.179554401338348768e+00
8.430000000000000000e+02 8.965243350187900973e+00
8.440000000000000000e+02 8.691749948106640034e+00
8.450000000000000000e+02 8.459201549122708386e+00
8.460000000000000000e+02 8.396333701384071091e+00
8.470000000000000000e+02 8.760043176819529265e+00
8.480000000000000000e+02 9.598867345122201300e+00
8.490000000000000000e+02 1.042772466173766688e+01
8.500000000000000000e+02 1.091464384325239223e+01
8.510000000000000000e+02 1.120525615469640357e+01
8.520000000000000000e+02 1.144426509123968039e+01
8.530000000000000000e+02 1.180698255227558313e+01
8.540000000000000000e+02 1.258597636165511879e+01
8.550000000000000000e+02 1.345527632227486237e+01
8.560000000000000000e+02 1.372421684210308612e+01
8.570000000000000000e+02 1.320254066187460751e+01
8.580000000000000000e+02 1.239599801972999416e+01
8.590000000000000000e+02 1.256961009611816849e+01
8.600000000000000000e+02 1.388575869842746258e+01
8.610000000000000000e+02 1.448857841648164602e+01
8.620000000000000000e+02 1.342214526393890495e+01
8.630000000000000000e+02 1.168625677282356179e+01
8.640000000000000000e+02 1.061539471059518114e+01
8.650000000000000000e+02 9.958345789220947708e+00
8.660000000000000000e+02 8.813807084827303129e+00
8.670000000000000000e+02 7.292783801163373880e+00
8.680000000000000000e+02 5.762046610394243373e+00
8.690000000000000000e+02 4.616791312516914658e+00
8.700000000000000000e+02 4.960274570200137845e+00
8.710000000000000000e+02 6.118612040089507431e+00
8.720000000000000000e+02 6.628870859775559232e+00
8.730000000000000000e+02 6.537345698858519683e+00
8.740000000000000000e+02 6.816707367948232843e+00
8.750000000000000000e+02 7.979091304309162247e+00
8.760000000000000000e+02 9.852124671286917490e+00
8.770000000000000000e+02 1.198971735322186660e+01
8.780000000000000000e+02 1.357033467502066770e+01
8.790000000000000000e+02 1.365466203786593447e+01
8.800000000000000000e+02 1.192554013813146696e+01
8.810000000000000000e+02 1.017194598929368965e+01
8.820000000000000000e+02 1.123698450206158306e+01
8.830000000000000000e+02 1.360189147526952524e+01
8.840000000000000000e+02 1.688052798602341653e+01
8.850000000000000000e+02 1.983659320342023591e+01
8.860000000000000000e+02 1.741662123485202684e+01
8.870000000000000000e+02 9.666433137050631785e+00
8.880000000000000000e+02 3.056774084562311700e+00
8.890000000000000000e+02 4.945134020252791807e+00
8.900000000000000000e+02 1.074559927200015252e+01
8.910000000000000000e+02 1.386595949783805892e+01
8.920000000000000000e+02 1.236019178196107049e+01
8.930000000000000000e+02 9.458916758193650409e+00
8.940000000000000000e+02 7.985925533649194996e+00
8.950000000000000000e+02 7.971676807343551552e+00
8.960000000000000000e+02 8.638826828642944378e+00
8.970000000000000000e+02 8.877282689711693209e+00
8.980000000000000000e+02 8.625106855614683710e+00
8.990000000000000000e+02 8.229482355910439750e+00
9.000000000000000000e+02 7.844657431808457204e+00
9.010000000000000000e+02 7.690210574481539219e+00
9.020000000000000000e+02 8.020540548520051161e+00
9.030000000000000000e+02 8.882323649662874132e+00
9.040000000000000000e+02 9.836098572102232040e+00
9.050000000000000000e+02 1.013158779556493805e+01
9.060000000000000000e+02 9.643814244018161119e+00
9.070000000000000000e+02 9.339431717587702408e+00
9.080000000000000000e+02 1.026183470501438855e+01
9.090000000000000000e+02 1.245822440897467409e+01
9.100000000000000000e+02 1.494576807563042031e+01
9.110000000000000000e+02 1.613583740256078158e+01
9.120000000000000000e+02 1.523014280472658477e+01
9.130000000000000000e+02 1.307134658889282797e+01
9.140000000000000000e+02 1.138261902810295645e+01
9.150000000000000000e+02 1.116675097947362261e+01
9.160000000000000000e+02 1.163746694513413971e+01
9.170000000000000000e+02 1.158928293255222997e+01
9.180000000000000000e+02 1.093582682126836225e+01
9.190000000000000000e+02 1.009173818259536048e+01
9.200000000000000000e+02 9.040556261958910156e+00
9.210000000000000000e+02 7.700132687938501697e+00
9.220000000000000000e+02 6.310725946756537752e+00
9.230000000000000000e+02 4.966074907510830805e+00
9.240000000000000000e+02 4.069825242237311791e+00
9.250000000000000000e+02 4.782234067241985187e+00
9.260000000000000000e+02 6.153176245352521612e+00
9.270000000000000000e+02 6.814333992610785984e+00
9.280000000000000000e+02 6.713498486378945529e+00
9.290000000000000000e+02 6.553200203419295988e+00
9.300000000000000000e+02 7.060074918922899734e+00
9.310000000000000000e+02 8.607824424163251109e+00
9.320000000000000000e+02 1.082246267249863614e+01
9.330000000000000000e+02 1.233223890203717588e+01
9.340000000000000000e+02 1.252004745973435362e+01
9.350000000000000000e+02 1.280831858449714389e+01
9.360000000000000000e+02 1.429286249080865545e+01
9.370000000000000000e+02 1.628420722263434328e+01
9.380000000000000000e+02 1.778459987715143953e+01
9.390000000000000000e+02 1.733468465709045958e+01
9.400000000000000000e+02 1.404592483182900686e+01
9.410000000000000000e+02 9.282333043440099019e+00
9.420000000000000000e+02 5.715506320975493715e+00
9.430000000000000000e+02 6.757167436188227683e+00
9.440000000000000000e+02 1.155820512908605480e+01
9.450000000000000000e+02 1.397264959438871479e+01
9.460000000000000000e+02 1.193949590267609473e+01
9.470000000000000000e+02 8.649811046013645921e+00
9.480000000000000000e+02 7.980507286515820198e+00
9.490000000000000000e+02 8.758847189994236615e+00
9.500000000000000000e+02 9.476194676548081119e+00
9.510000000000000000e+02 9.689881893779224598e+00
9.520000000000000000e+02 9.197849966857932102e+00
9.530000000000000000e+02 8.610593524061373571e+00
9.540000000000000000e+02 8.570344430651109846e+00
9.550000000000000000e+02 8.646755734850103181e+00
9.560000000000000000e+02 8.479317373768278543e+00
9.570000000000000000e+02 8.347600772770469746e+00
9.580000000000000000e+02 8.508450178785329499e+00
9.590000000000000000e+02 8.976521656247635761e+00
9.600000000000000000e+02 9.700105257094977063e+00
9.610000000000000000e+02 1.065332440689052618e+01
9.620000000000000000e+02 1.139149271286115095e+01
9.630000000000000000e+02 1.126410283332370277e+01
9.640000000000000000e+02 1.047152416471590897e+01
9.650000000000000000e+02 1.013648345370376447e+01
9.660000000000000000e+02 1.140055802197203683e+01
9.670000000000000000e+02 1.415957377297159958e+01
9.680000000000000000e+02 1.614778844381086031e+01
9.690000000000000000e+02 1.561986670910870956e+01
9.700000000000000000e+02 1.375872278989405117e+01
9.710000000000000000e+02 1.260602477417651990e+01
9.720000000000000000e+02 1.200969723685194168e+01
9.730000000000000000e+02 1.120508341288830856e+01
9.740000000000000000e+02 1.009659273473856267e+01
9.750000000000000000e+02 8.768972288258773062e+00
9.760000000000000000e+02 7.518992755399405148e+00
9.770000000000000000e+02 6.607176041588977533e+00
9.780000000000000000e+02 6.082890035653548466e+00
9.790000000000000000e+02 6.293101145546647679e+00
9.800000000000000000e+02 6.817687999604498117e+00
9.810000000000000000e+02 6.668675089399409117e+00
9.820000000000000000e+02 6.002018314898760032e+00
9.830000000000000000e+02 5.571674903650804644e+00
9.840000000000000000e+02 5.572293549484263586e+00
9.850000000000000000e+02 6.019647563460096329e+00
9.860000000000000000e+02 7.350001662552200443e+00
9.870000000000000000e+02 9.665456861868124250e+00
9.880000000000000000e+02 1.187719877117342726e+01
9.890000000000000000e+02 1.285341807128609837e+01
9.900000000000000000e+02 1.314159717812942674e+01
9.910000000000000000e+02 1.461575589739738312e+01
9.920000000000000000e+02 1.697222260117951365e+01
9.930000000000000000e+02 1.796044492656739777e+01
9.940000000000000000e+02 1.673563451470338848e+01
9.950000000000000000e+02 1.338189988144887366e+01
9.960000000000000000e+02 8.056230279510947057e+00
9.970000000000000000e+02 2.619274881195290838e+00
9.980000000000000000e+02 1.522609373531050636e+00
9.990000000000000000e+02 5.316526366443819818e+00
1.000000000000000000e+03 8.788247757542380967e+00
1.001000000000000000e+03 9.649715299502457100e+00
1.002000000000000000e+03 9.077791524634319487e+00
1.003000000000000000e+03 9.623802343043044161e+00
1.004000000000000000e+03 1.018097220199677722e+01
1.005000000000000000e+03 9.982084655016908670e+00
1.006000000000000000e+03 9.431999034606349142e+00
1.007000000000000000e+03 8.505191472199671310e+00
1.008000000000000000e+03 7.562658469911373693e+00
1.009000000000000000e+03 7.223287389782094614e+00
1.010000000000000000e+03 7.673159453526509743e+00
1.011000000000000000e+03 8.691876319457561451e+00
1.012000000000000000e+03 9.808061478521571175e+00
1.013000000000000000e+03 1.042829380533112271e+01
1.014000000000000000e+03 1.033045483386338681e+01
1.015000000000000000e+03 1.005251056457217551e+01
1.016000000000000000e+03 1.005457563861273229e+01
1.017000000000000000e+03 1.012187879165170301e+01
1.018000000000000000e+03 1.048596451632323934e+01
1.019000000000000000e+03 1.157086660173403914e+01
1.020000000000000000e+03 1.301939647238439690e+01
1.021000000000000000e+03 1.405790461862258489e+01
1.022000000000000000e+03 1.413150388319209938e+01
1.023000000000000000e+03 1.382977730024423302e+01
1.024000000000000000e+03 1.431781790598700965e+01
1.025000000000000000e+03 1.509578941592463153e+01
1.026000000000000000e+03 1.484248404092651974e+01
1.027000000000000000e+03 1.344125144980932163e+01
1.028000000000000000e+03 1.161778567168287246e+01
1.029000000000000000e+03 9.773291139450622111e+00
1.030000000000000000e+03 8.033457058675331552e+00
1.031000000000000000e+03 6.834231347464701400e+00
1.032000000000000000e+03 5.929146034987489600e+00
1.033000000000000000e+03 4.473842993972352744e+00
1.034000000000000000e+03 3.733303741844759216e+00
1.035000000000000000e+03 4.884634457749700509e+00
1.036000000000000000e+03 5.456882654577283276e+00
1.037000000000000000e+03 4.811952200416477865e+00
1.038000000000000000e+03 4.558005536473980435e+00
1.039000000000000000e+03 5.913391329430774057e+00
1.040000000000000000e+03 9.009971782358148218e+00
1.041000000000000000e+03 1.322241822152584945e+01
1.042000000000000000e+03 1.589249813109978859e+01
1.043000000000000000e+03 1.525995792888094549e+01
1.044000000000000000e+03 1.296100742205451262e+01
1.045000000000000000e+03 1.173058264214513358e+01
1.046000000000000000e+03 1.178214722823361527e+01
1.047000000000000000e+03 1.406550418050123064e+01
1.048000000000000000e+03 1.771142285289345253e+01
1.049000000000000000e+03 1.836537315975995455e+01
1.050000000000000000e+03 1.442689775636617178e+01
1.051000000000000000e+03 8.717650179346509987e+00
1.052000000000000000e+03 5.835560577246821978e+00
1.053000000000000000e+03 8.045708557241260550e+00
1.054000000000000000e+03 1.094527070587774098e+01
1.055000000000000000e+03 1.106833516058274114e+01
1.056000000000000000e+03 9.027565730022640622e+00
1.057000000000000000e+03 7.608191480582204846e+00
1.058000000000000000e+03 7.864523932209578128e+00
1.059000000000000000e+03 8.709322358378264184e+00
1.060000000000000000e+03 9.228867551358282739e+00
1.061000000000000000e+03 9.204446797972881456e+00
1.062000000000000000e+03 8.891855894163168017e+00
1.063000000000000000e+03 8.813469847487239051e+00
1.064000000000000000e+03 8.776280086745193998e+00
1.065000000000000000e+03 8.451641867407104769e+00
1.066000000000000000e+03 8.526245496599049289e+00
1.067000000000000000e+03 9.358312372694838288e+00
